# number of observations
550

# observed lengths (mm)
355
325
330
315
295
360
305
300
255
250
315
325
235
255
150
300
290
280
255
280
280
320
310
160
145
275
135
170
240
255
170
135
245
135
315
255
280
140
130
150
275
125
145
120
255
145
135
155
155
325
330
340
305
340
310
290
350
320
335
305
285
310
335
325
305
330
320
310
330
305
290
270
260
305
265
150
310
320
285
270
280
325
275
245
310
285
165
270
310
290
240
255
275
245
250
270
250
160
160
240
295
235
290
270
245
505
340
320
280
310
345
320
290
360
150
145
225
300
345
375
310
340
280
290
170
245
345
255
375
310
130
170
170
245
150
145
250
130
150
150
150
335
245
260
245
350
310
300
275
605
320
300
355
305
320
290
420
345
255
300
340
280
330
385
320
345
320
295
350
320
335
320
395
155
295
350
285
300
285
320
330
265
265
320
140
130
165
160
160
290
295
335
265
315
305
245
270
320
280
265
350
460
325
360
385
360
340
335
490
340
325
325
285
340
385
285
335
270
470
280
365
355
410
345
270
275
285
330
385
340
320
260
335
345
365
315
360
330
315
330
360
370
285
280
295
210
270
145
150
155
590
360
410
355
600
345
350
275
590
450
385
420
480
385
320
355
345
355
380
280
350
330
350
375
330
390
290
345
375
340
365
330
330
350
320
280
130
360
305
235
335
415
345
335
335
270
245
230
275
290
250
245
250
255
255
230
225
235
260
225
240
245
225
240
200
215
230
220
230
215
230
240
240
220
240
240
235
235
250
235
230
240
225
220
245
230
235
220
230
220
220
255
245
205
225
230
215
220
205
220
365
315
370
305
390
250
300
280
250
300
285
305
290
250
240
250
280
295
335
290
310
245
235
225
240
150
145
155
125
145
150
150
245
130
225
255
260
155
215
215
245
230
245
240
230
210
205
250
125
145
385
310
320
310
320
300
290
250
295
300
300
320
310
285
250
345
255
335
280
335
375
280
265
270
305
275
295
320
275
310
285
285
270
275
310
270
240
240
295
260
295
155
145
150
150
130
160
135
160
150
375
365
360
320
285
325
315
300
310
325
285
345
280
320
260
260
155
130
280
300
280
340
260
300
310
260
260
270
320
305
295
225
145
260
180
235
275
330
155
165
145
150
315
305
260
265
310
265
260
140
310
345
235
300
390
265
340
280
350
290
365
280
250
300
385
305
305
310
255
330
310
310
475
355
350
300
305
260
245
235
210
245
205
210
165
250
150
140
165
150
150
150
140
170
150
130
135
145
135
135

# observed weights (g)
333
207
199
197
169
266
191
188
119
109
232
204
81
104
19
157
154
143
117
132
142
182
223
23
15
126
14
30
94
113
27
15
87
18
173
105
124
15
13
22
131
11
17
11
111
20
18
23
23
172
233
269
182
234
181
167
255
194
232
172
139
177
215
239
168
200
214
179
225
178
156
110
110
173
116
18
191
191
160
125
146
195
132
93
157
138
23
119
181
176
75
112
123
82
99
119
90
22
24
84
150
70
139
121
87
774
242
208
124
187
235
237
156
273
20
17
67
165
234
304
196
219
123
141
31
75
235
107
309
193
12
26
24
80
19
17
98
13
18
18
18
217
81
98
83
254
169
174
127
1520
195
157
354
174
182
154
439
233
106
171
237
137
201
363
207
246
188
160
278
188
221
187
338
20
148
253
139
166
141
207
190
118
118
220
15
15
26
21
24
137
164
223
114
202
167
102
126
204
124
104
275
639
218
332
329
285
231
233
905
234
239
236
154
231
331
132
237
120
612
142
290
264
495
250
136
124
141
246
358
239
210
117
201
247
283
202
272
253
213
233
278
316
141
153
181
65
123
18
18
22
1586
275
405
248
1387
245
284
121
1356
601
400
403
823
361
197
257
251
260
424
140
269
210
246
356
203
363
145
238
376
219
297
246
238
258
205
145
13
310
176
72
245
432
241
206
212
114
82
65
123
163
87
84
85
114
98
66
68
74
86
63
79
76
62
77
46
51
70
59
66
54
64
76
77
56
82
82
75
72
99
75
73
83
63
68
95
76
73
61
78
63
68
94
88
46
61
75
55
44
63
63
282
194
286
165
389
89
185
117
84
147
140
183
153
95
88
90
119
157
238
174
172
82
81
61
83
22
20
23
14
22
20
20
92
14
65
97
97
23
66
65
86
79
89
73
62
52
56
81
15
17
353
195
213
201
210
162
159
100
158
184
181
211
190
151
94
266
109
220
141
220
349
141
122
125
195
136
164
222
132
195
140
146
118
133
177
127
91
94
161
106
196
29
22
26
23
16
21
14
18
19
338
280
264
194
136
172
175
170
163
233
167
259
145
206
107
105
25
17
142
189
142
238
109
152
191
112
99
114
189
167
146
78
21
105
31
75
120
206
20
25
18
23
180
166
113
104
189
101
96
15
191
285
80
153
352
116
217
130
249
148
330
139
101
147
359
177
181
170
102
202
185
198
595
324
239
151
200
95
88
73
59
84
54
56
25
98
18
16
25
21
17
21
16
26
19
13
14
16
11
15


999