# Number of observations
353

# observed lengths in mm
355
325
330
315
295
360
330
340
305
340
310
290
350
320
335
305
285
310
335
325
305
295
235
290
270
245
505
340
320
280
310
345
320
360
150
145
225
300
345
375
310
340
280
290
170
245
345
255
375
310
130
170
170
245
150
145
250
130
150
150
150
335
245
260
245
350
310
300
275
605
300
355
305
320
290
420
345
255
300
340
280
330
385
320
345
320
295
350
320
335
320
395
155
295
350
285
300
285
320
330
265
265
320
140
130
165
160
160
290
295
335
265
315
305
245
270
320
280
265
350
460
325
360
385
590
360
410
355
600
345
350
275
590
450
385
420
480
385
320
355
345
355
380
280
350
330
350
375
330
390
290
345
375
340
365
330
330
350
320
280
130
360
305
235
335
415
345
335
335
270
245
250
245
250
255
255
230
225
235
260
225
240
245
225
240
200
215
230
220
230
215
230
240
240
220
240
240
235
235
250
235
230
240
225
220
245
230
235
220
230
220
220
255
245
205
225
230
215
220
205
220
365
315
370
305
390
250
300
280
250
300
285
305
290
250
240
250
280
295
335
290
310
245
235
385
320
310
320
300
290
250
295
300
300
320
310
285
250
345
255
335
280
335
375
280
265
270
305
275
295
320
275
310
285
285
270
275
310
270
240
240
295
260
295
145
150
150
130
160
135
160
150
375
365
360
320
285
325
315
300
310
325
285
345
280
320
260
260
155
130
280
300
280
340
260
300
310
260
260
270
320
305
295
225
145
260
180
235
275
330
155
165
145
150
315
305
260
265
310
265
260
310
345
235
300
390
265
340
280
350
290
365
280

# observed ages
5
4
3
3
3
5
3
5
3
5
2
2
5
3
3
3
4
3
4
4
3
4
3
3
2
2
5
3
3
3
3
3
4
5
1
1
2
3
4
4
3
5
2
3
1
2
5
4
5
4
1
1
1
2
1
1
2
1
1
1
1
4
2
2
3
5
3
3
3
8
3
3
3
3
4
7
4
3
4
3
3
3
4
4
3
4
3
3
3
4
3
6
1
3
4
3
3
2
3
3
3
3
5
1
1
1
1
1
3
3
3
2
3
3
2
2
3
3
2
3
4
3
5
5
6
3
4
3
6
4
3
2
7
5
5
5
4
3
3
3
3
3
5
2
3
3
3
3
3
5
2
3
3
3
3
3
3
3
3
3
1
3
3
2
3
4
4
3
3
2
2
2
2
2
2
2
2
2
2
2
2
2
2
2
3
2
2
2
2
2
2
2
2
2
2
2
2
2
2
2
2
2
2
2
2
2
2
2
2
2
2
2
2
2
2
2
2
2
2
2
2
3
3
5
4
5
2
6
2
2
3
4
4
3
2
2
2
3
3
3
3
4
2
2
3
4
3
3
3
2
2
3
2
3
3
2
3
2
3
4
6
4
4
4
4
4
3
3
3
3
3
3
3
4
3
2
2
4
2
2
2
3
2
2
1
1
1
1
1
1
1
1
4
3
3
3
2
4
3
3
3
2
3
3
3
3
2
2
1
1
3
3
3
4
2
3
3
2
2
2
3
3
3
3
1
3
1
2
2
4
1
1
1
1
3
4
2
2
2
2
3
3
4
2
3
9
3
4
3
3
3
5
3

#EOF
999